8.181337356567382812e+00
7.238550186157226562e+00
1.012558078765869141e+01
1.026510715484619141e+01
9.199460029602050781e+00
7.417659759521484375e+00
1.144945812225341797e+01
1.266160869598388672e+01
8.360252380371093750e+00
1.117355728149414062e+01
1.086627101898193359e+01
8.733482360839843750e+00
7.377334594726562500e+00
1.593576431274414062e+01
8.242741584777832031e+00
8.401112556457519531e+00
8.558795928955078125e+00
1.001368236541748047e+01
8.387398719787597656e+00
8.543002128601074219e+00
7.925364494323730469e+00
1.195558643341064453e+01
1.105621433258056641e+01
8.959833145141601562e+00
1.034848499298095703e+01
9.171977043151855469e+00
1.248163509368896484e+01
1.091463947296142578e+01
1.239247608184814453e+01
8.670207023620605469e+00
8.712201118469238281e+00
8.173289299011230469e+00
9.173838615417480469e+00
8.806582450866699219e+00
9.642133712768554688e+00
9.065617561340332031e+00
7.327800273895263672e+00
6.099255561828613281e+00
9.175133705139160156e+00
9.349631309509277344e+00
8.872841835021972656e+00
1.042903804779052734e+01
8.614878654479980469e+00
8.826472282409667969e+00
8.799180984497070312e+00
9.013847351074218750e+00
7.091750621795654297e+00
8.300680160522460938e+00
1.454680919647216797e+01
1.435165214538574219e+01
8.744942665100097656e+00
8.156726837158203125e+00
7.972561836242675781e+00
1.272530174255371094e+01
8.963282585144042969e+00
7.704624652862548828e+00
7.899428367614746094e+00
8.030272483825683594e+00
9.115999221801757812e+00
7.471573352813720703e+00
1.110049152374267578e+01
8.764843940734863281e+00
7.603831291198730469e+00
9.637741088867187500e+00
8.368619918823242188e+00
7.353820800781250000e+00
8.503444671630859375e+00
7.257066249847412109e+00
8.270874977111816406e+00
7.682791233062744141e+00
9.922163963317871094e+00
8.911892890930175781e+00
9.922041893005371094e+00
8.601764678955078125e+00
8.421018600463867188e+00
1.404851436614990234e+01
6.417368412017822266e+00
9.968408584594726562e+00
8.227982521057128906e+00
1.315379047393798828e+01
1.017913722991943359e+01
1.161382389068603516e+01
8.079527854919433594e+00
1.229090023040771484e+01
1.227398967742919922e+01
9.577865600585937500e+00
9.133955955505371094e+00
5.766124248504638672e+00
1.046463680267333984e+01
8.041041374206542969e+00
1.234292030334472656e+01
7.841473579406738281e+00
8.055844306945800781e+00
5.338099956512451172e+00
1.161010837554931641e+01
7.758577823638916016e+00
1.212858772277832031e+01
7.191120624542236328e+00
8.346453666687011719e+00
1.285607242584228516e+01
9.251818656921386719e+00
9.658306121826171875e+00
9.372824668884277344e+00
1.126800727844238281e+01
8.908242225646972656e+00
1.304896259307861328e+01
8.434008598327636719e+00
1.394147109985351562e+01
1.096389293670654297e+01
5.642935276031494141e+00
7.980992794036865234e+00
1.069279861450195312e+01
1.249305629730224609e+01
8.292434692382812500e+00
1.149338817596435547e+01
6.982447624206542969e+00
8.263009071350097656e+00
8.211630821228027344e+00
7.274980068206787109e+00
8.753882408142089844e+00
8.394550323486328125e+00
1.009305286407470703e+01
9.553795814514160156e+00
8.859179496765136719e+00
9.847785949707031250e+00
5.667234897613525391e+00
1.065830898284912109e+01
8.566357612609863281e+00
7.969789981842041016e+00
1.143013477325439453e+01
8.912001609802246094e+00
1.257544994354248047e+01
7.463087558746337891e+00
7.781622409820556641e+00
7.899237155914306641e+00
8.264255523681640625e+00
7.431235790252685547e+00
7.612433910369873047e+00
9.272145271301269531e+00
1.157215785980224609e+01
8.571400642395019531e+00
7.466734409332275391e+00
8.424006462097167969e+00
1.013387203216552734e+01
7.135077953338623047e+00
8.824418067932128906e+00
7.717473506927490234e+00
9.376395225524902344e+00
7.747130870819091797e+00
8.940345764160156250e+00
1.558530044555664062e+01
7.067463874816894531e+00
7.889639854431152344e+00
7.988023757934570312e+00
1.110646152496337891e+01
8.996932029724121094e+00
8.739078521728515625e+00
1.161106586456298828e+01
6.758869647979736328e+00
8.345401763916015625e+00
7.334509372711181641e+00
9.771046638488769531e+00
7.713019847869873047e+00
1.118532085418701172e+01
1.380729007720947266e+01
8.544362068176269531e+00
1.024906826019287109e+01
1.113557434082031250e+01
9.457094192504882812e+00
1.026904964447021484e+01
9.011363029479980469e+00
9.282320976257324219e+00
1.411205005645751953e+01
1.030492496490478516e+01
1.332533550262451172e+01
9.587872505187988281e+00
8.217583656311035156e+00
7.490660667419433594e+00
1.329097652435302734e+01
7.291719436645507812e+00
8.971175193786621094e+00
1.314829921722412109e+01
7.903364658355712891e+00
8.418796539306640625e+00
8.425051689147949219e+00
1.181234741210937500e+01
8.318504333496093750e+00
1.315828609466552734e+01
1.079174995422363281e+01
9.780249595642089844e+00
9.716786384582519531e+00
1.324651050567626953e+01
8.758014678955078125e+00
1.257107067108154297e+01
9.228849411010742188e+00
6.576580524444580078e+00
8.231284141540527344e+00
6.165945053100585938e+00
8.721057891845703125e+00
8.787226676940917969e+00
8.724582672119140625e+00
7.576195716857910156e+00
7.369363307952880859e+00
7.312192440032958984e+00
8.880040168762207031e+00
8.012126922607421875e+00
7.786462783813476562e+00
1.867264938354492188e+01
9.257419586181640625e+00
7.540098667144775391e+00
7.210745811462402344e+00
8.018982887268066406e+00
1.001829624176025391e+01
7.885262012481689453e+00
1.018242740631103516e+01
8.160099029541015625e+00
1.283698368072509766e+01
9.319281578063964844e+00
7.023849010467529297e+00
8.342630386352539062e+00
9.385552406311035156e+00
1.119981384277343750e+01
7.838162899017333984e+00
9.137547492980957031e+00
1.012909889221191406e+01
9.337614059448242188e+00
7.673772335052490234e+00
8.591097831726074219e+00
1.189842224121093750e+01
8.879578590393066406e+00
8.755663871765136719e+00
1.090686035156250000e+01
8.902029037475585938e+00
1.022966194152832031e+01
4.753157138824462891e+00
9.188572883605957031e+00
8.602402687072753906e+00
8.492110252380371094e+00
1.165225601196289062e+01
8.660125732421875000e+00
9.110335350036621094e+00
8.089067459106445312e+00
1.106442165374755859e+01
7.323526382446289062e+00
1.027728176116943359e+01
7.151886940002441406e+00
7.603438854217529297e+00
9.905907630920410156e+00
6.148240566253662109e+00
8.431540489196777344e+00
9.838240623474121094e+00
6.517010211944580078e+00
1.112492656707763672e+01
1.164456462860107422e+01
8.695652961730957031e+00
7.652521610260009766e+00
6.012489795684814453e+00
7.425195217132568359e+00
6.950463771820068359e+00
1.066881942749023438e+01
6.083142280578613281e+00
8.035621643066406250e+00
8.475049018859863281e+00
8.328269004821777344e+00
1.707054901123046875e+01
8.346313476562500000e+00
8.931395530700683594e+00
1.099435520172119141e+01
5.677391529083251953e+00
7.267511844635009766e+00
9.219609260559082031e+00
7.199361801147460938e+00
9.828221321105957031e+00
8.691639900207519531e+00
8.405441284179687500e+00
8.243710517883300781e+00
5.853078365325927734e+00
7.715806484222412109e+00
6.649257183074951172e+00
8.359544754028320312e+00
1.085234546661376953e+01
6.913368701934814453e+00
7.463372707366943359e+00
7.144544124603271484e+00
8.677552223205566406e+00
8.739724159240722656e+00
8.667490005493164062e+00
9.193308830261230469e+00
6.586491584777832031e+00
7.545235157012939453e+00
1.050707435607910156e+01
1.242801189422607422e+01
8.494990348815917969e+00
1.226634788513183594e+01
9.595385551452636719e+00
9.295269012451171875e+00
8.659222602844238281e+00
1.038115024566650391e+01
8.053801536560058594e+00
6.718601226806640625e+00
1.101490306854248047e+01
9.024186134338378906e+00
1.287747287750244141e+01
1.073281764984130859e+01
7.212334156036376953e+00
9.096056938171386719e+00
8.050839424133300781e+00
1.002392101287841797e+01
9.582193374633789062e+00
6.525043010711669922e+00
8.278840065002441406e+00
1.228659725189208984e+01
9.066583633422851562e+00
1.412522602081298828e+01
7.723759174346923828e+00
8.744299888610839844e+00
7.560600757598876953e+00
8.107341766357421875e+00
8.501366615295410156e+00
8.338473320007324219e+00
1.008744621276855469e+01
7.034542560577392578e+00
7.342037200927734375e+00
6.782823562622070312e+00
7.713184833526611328e+00
7.121902942657470703e+00
8.711293220520019531e+00
1.096389293670654297e+01
8.795929908752441406e+00
8.125057220458984375e+00
1.253159904479980469e+01
9.840254783630371094e+00
6.266452789306640625e+00
6.339953899383544922e+00
8.922448158264160156e+00
8.560654640197753906e+00
8.311095237731933594e+00
8.220037460327148438e+00
8.632987022399902344e+00
8.636385917663574219e+00
8.625479698181152344e+00
8.684178352355957031e+00
1.202040386199951172e+01
8.616935729980468750e+00
8.871832847595214844e+00
7.991884708404541016e+00
8.961557388305664062e+00
1.227783775329589844e+01
8.817128181457519531e+00
7.853973865509033203e+00
8.537979125976562500e+00
7.732883930206298828e+00
9.271140098571777344e+00
6.822716712951660156e+00
9.049592018127441406e+00
8.461398124694824219e+00
7.515561103820800781e+00
1.015235042572021484e+01
8.967461585998535156e+00
8.313122749328613281e+00
9.024348258972167969e+00
8.379607200622558594e+00
6.402933597564697266e+00
1.161657810211181641e+01
9.774667739868164062e+00
1.003848552703857422e+01
7.794377326965332031e+00
8.829292297363281250e+00
8.123760223388671875e+00
1.121875476837158203e+01
1.007033252716064453e+01
8.019067764282226562e+00
7.748328685760498047e+00
1.250696849822998047e+01
6.492177486419677734e+00
9.738533020019531250e+00
9.193167686462402344e+00
8.146791458129882812e+00
8.894958496093750000e+00
8.087318420410156250e+00
9.243874549865722656e+00
1.395935726165771484e+01
8.109463691711425781e+00
1.025520038604736328e+01
5.871264934539794922e+00
7.977621555328369141e+00
8.203505516052246094e+00
7.684150218963623047e+00
8.030320167541503906e+00
8.118650436401367188e+00
6.981077671051025391e+00
9.560580253601074219e+00
6.894207954406738281e+00
1.194875049591064453e+01
1.206099605560302734e+01
1.474002361297607422e+01
1.944899177551269531e+01
8.341785430908203125e+00
6.379333019256591797e+00
1.063989734649658203e+01
1.133988952636718750e+01
8.929221153259277344e+00
6.651937007904052734e+00
8.742596626281738281e+00
9.792164802551269531e+00
1.222705078125000000e+01
7.584579944610595703e+00
6.833390712738037109e+00
8.273042678833007812e+00
7.676488399505615234e+00
9.383959770202636719e+00
8.842204093933105469e+00
1.105940628051757812e+01
9.525612831115722656e+00
9.143938064575195312e+00
1.126294612884521484e+01
1.074780941009521484e+01
8.631737709045410156e+00
1.070394897460937500e+01
7.443220615386962891e+00
1.095241355895996094e+01
6.108097076416015625e+00
1.023292636871337891e+01
8.971202850341796875e+00
7.480644702911376953e+00
8.919969558715820312e+00
1.003487396240234375e+01
1.029292201995849609e+01
1.469341564178466797e+01
8.403186798095703125e+00
7.341664791107177734e+00
8.816452980041503906e+00
1.272489833831787109e+01
1.497383975982666016e+01
1.365435123443603516e+01
8.167230606079101562e+00
1.004237270355224609e+01
1.075032234191894531e+01
1.105821514129638672e+01
8.497037887573242188e+00
1.085731220245361328e+01
1.009248924255371094e+01
9.125249862670898438e+00
8.570509910583496094e+00
7.585677146911621094e+00
9.854146957397460938e+00
8.367577552795410156e+00
1.057495021820068359e+01
1.389068508148193359e+01
1.195420551300048828e+01
1.129724025726318359e+01
1.313281917572021484e+01
8.489209175109863281e+00
8.613370895385742188e+00
8.562058448791503906e+00
6.731246948242187500e+00
7.474952220916748047e+00
8.945612907409667969e+00
9.055846214294433594e+00
8.608090400695800781e+00
7.951529026031494141e+00
6.537623882293701172e+00
7.407082080841064453e+00
9.772032737731933594e+00
7.485342502593994141e+00
1.055900382995605469e+01
1.021585178375244141e+01
1.141717433929443359e+01
6.386613368988037109e+00
9.724116325378417969e+00
7.696277618408203125e+00
1.197740268707275391e+01
8.382323265075683594e+00
1.130364894866943359e+01
7.721713542938232422e+00
1.270379924774169922e+01
9.950776100158691406e+00
9.967624664306640625e+00
1.212640571594238281e+01
1.097913837432861328e+01
1.185737228393554688e+01
8.187264442443847656e+00
9.481551170349121094e+00
9.721045494079589844e+00
8.000939369201660156e+00
8.737408638000488281e+00
8.051814079284667969e+00
7.678504943847656250e+00
1.180838584899902344e+01
7.543972969055175781e+00
8.175162315368652344e+00
1.448319339752197266e+01
6.414521694183349609e+00
1.429875659942626953e+01
8.139563560485839844e+00
6.489263534545898438e+00
1.011732292175292969e+01
9.061720848083496094e+00
8.871344566345214844e+00
7.599280357360839844e+00
8.981199264526367188e+00
1.055282306671142578e+01
9.404590606689453125e+00
1.214809131622314453e+01
1.746970367431640625e+01
8.796483993530273438e+00
1.012705135345458984e+01
8.019344329833984375e+00
7.921764850616455078e+00
7.194712638854980469e+00
7.457258701324462891e+00
6.729658126831054688e+00
9.487083435058593750e+00
1.325906276702880859e+01
7.995697975158691406e+00
8.047770500183105469e+00
1.201255512237548828e+01
1.414163684844970703e+01
1.077721309661865234e+01
6.738989830017089844e+00
1.316720676422119141e+01
8.289036750793457031e+00
1.295205020904541016e+01
9.201870918273925781e+00
7.417720794677734375e+00
1.215138721466064453e+01
7.078542709350585938e+00
8.044905662536621094e+00
6.710931301116943359e+00
7.689461231231689453e+00
7.608998775482177734e+00
7.838737010955810547e+00
1.162785434722900391e+01
7.366075038909912109e+00
1.067375087738037109e+01
9.405408859252929688e+00
1.268174648284912109e+01
7.864286899566650391e+00
1.417422199249267578e+01
9.471575736999511719e+00
1.089440441131591797e+01
1.026121139526367188e+01
7.892724514007568359e+00
9.960298538208007812e+00
8.869448661804199219e+00
7.322130203247070312e+00
8.445490837097167969e+00
8.318517684936523438e+00
7.417929172515869141e+00
7.531705856323242188e+00
9.594147682189941406e+00
1.420509624481201172e+01
9.862235069274902344e+00
1.209761333465576172e+01
9.609196662902832031e+00
6.847846508026123047e+00
9.259868621826171875e+00
9.172929763793945312e+00
9.401026725769042969e+00
8.704802513122558594e+00
9.114466667175292969e+00
9.137458801269531250e+00
8.730044364929199219e+00
7.267557144165039062e+00
