-2.464166641235351562e+00
-5.392134189605712891e+00
-3.380613327026367188e+00
4.703831672668457031e+00
-1.182892799377441406e+00
1.035071372985839844e+00
-4.729687690734863281e+00
-8.667227745056152344e+00
4.951812744140625000e+00
3.807574272155761719e+00
5.621705055236816406e+00
2.892512321472167969e+00
1.254858970642089844e+00
-1.107363033294677734e+01
-1.335106849670410156e+00
-1.210745811462402344e+00
6.663722991943359375e-01
4.511363029479980469e+00
-4.698996543884277344e+00
1.650683403015136719e+00
3.245579719543457031e+00
1.081307411193847656e+00
-8.826420783996582031e+00
4.096328735351562500e+00
1.361025810241699219e+00
-5.027590751647949219e+00
9.896688461303710938e-01
2.741875648498535156e+00
4.895598411560058594e+00
-2.598038673400878906e+00
4.065649986267089844e+00
4.912567138671875000e-02
1.873981952667236328e+00
-3.583718299865722656e+00
1.993021965026855469e+00
-1.057197284698486328e+01
2.496404647827148438e+00
5.351569175720214844e+00
1.046233177185058594e+00
-8.630323410034179688e-01
-3.931442260742187500e+00
3.800919532775878906e+00
1.930239677429199219e+00
-1.279254913330078125e+00
-4.136547088623046875e+00
-2.369842529296875000e-01
5.973696708679199219e+00
5.132460594177246094e+00
4.320897102355957031e+00
-7.847633361816406250e-01
7.708740234375000000e-01
-2.018206596374511719e+00
-2.010211944580078125e+00
2.910718917846679688e-01
6.388481140136718750e+00
-4.701897144317626953e+00
2.415717124938964844e+00
1.420632362365722656e+00
-5.963143348693847656e+00
-1.695545196533203125e+00
-1.597495079040527344e+00
2.746779441833496094e+00
4.809609413146972656e+00
-4.832962036132812500e+00
-5.087235450744628906e+00
5.091077804565429688e+00
-4.035015106201171875e-01
2.525493144989013672e+00
6.674385070800781250e-02
2.971043109893798828e+00
4.497562408447265625e+00
-4.127284049987792969e+00
8.473386764526367188e-01
1.963257789611816406e+00
3.385041236877441406e+00
-3.522730827331542969e+00
-2.765348911285400391e+00
6.434733390808105469e+00
2.188957214355468750e+00
4.139960289001464844e+00
-1.547859191894531250e+00
-1.821284294128417969e+00
4.140930175781250000e-01
-4.093155860900878906e+00
-2.697913169860839844e+00
-3.223052024841308594e+00
-1.699552536010742188e+00
1.593646049499511719e+00
4.859747886657714844e+00
-9.031381607055664062e-01
1.126588821411132812e+00
3.220122337341308594e+00
5.636864662170410156e+00
3.586792945861816406e+00
1.907708168029785156e+00
4.044920921325683594e+00
4.855837821960449219e+00
2.771927833557128906e+00
-3.809247016906738281e+00
2.145671844482421875e-02
-7.065600395202636719e+00
-5.976686477661132812e-01
3.378115653991699219e+00
-5.257158279418945312e-01
-3.655321121215820312e+00
-3.112568855285644531e+00
-2.320111274719238281e+00
-4.506085395812988281e+00
1.193171501159667969e+00
-2.028123855590820312e+00
2.461009025573730469e+00
2.450304985046386719e+00
-1.259794235229492188e-01
3.098343849182128906e+00
-5.162075996398925781e+00
3.085467338562011719e+00
-1.120935106277465820e+01
3.062403678894042969e+00
3.381016731262207031e+00
4.354923248291015625e+00
4.383231163024902344e+00
6.184803009033203125e+00
-2.105092048645019531e+00
4.071990013122558594e+00
6.167130470275878906e+00
1.197066307067871094e+00
4.917293548583984375e+00
3.266951560974121094e+00
4.134720802307128906e+00
2.440947532653808594e+00
3.191628456115722656e+00
-3.572783470153808594e+00
9.595484733581542969e-01
-4.401330947875976562e+00
3.761003494262695312e+00
1.152190208435058594e+00
6.259598731994628906e-01
-3.010964393615722656e+00
6.768530845642089844e+00
3.493846893310546875e+00
-2.204352378845214844e+00
2.337238311767578125e+00
6.689920425415039062e-01
1.625075340270996094e+00
3.348910331726074219e+00
2.559883117675781250e+00
5.642795562744140625e-01
2.394034385681152344e+00
-1.912777900695800781e+00
-1.628489494323730469e-01
-5.449179649353027344e+00
4.071943283081054688e+00
-4.338518619537353516e+00
5.437823295593261719e+00
2.072398185729980469e+00
4.805478096008300781e+00
-4.496665000915527344e+00
-4.146176338195800781e+00
5.123661041259765625e+00
-5.335835456848144531e+00
3.410294532775878906e+00
-5.240344047546386719e+00
-9.840440750122070312e-01
-5.430651664733886719e+00
-5.131434440612792969e+00
1.739332199096679688e+00
1.040660858154296875e+00
-8.634026527404785156e+00
3.847878456115722656e+00
-4.197163581848144531e+00
1.667231559753417969e+00
2.251176834106445312e-01
8.964014053344726562e-01
1.671549797058105469e+00
3.554995536804199219e+00
6.254298210144042969e+00
-8.816653251647949219e+00
-5.072189807891845703e+00
-4.177746772766113281e+00
3.451182365417480469e+00
-1.278390884399414062e-01
-1.636992454528808594e+00
-3.873616218566894531e+00
-3.756117820739746094e+00
6.804037094116210938e-01
5.609199523925781250e+00
-2.034783363342285156e+00
-6.999255180358886719e+00
-6.461977958679199219e-01
-4.612544059753417969e+00
-2.643537521362304688e-01
-1.016754150390625000e+00
1.678282737731933594e+00
1.095170021057128906e+00
-4.321002960205078125e-02
1.109097003936767578e+00
-1.857735633850097656e+00
-5.763310432434082031e+00
4.516504287719726562e+00
-1.958812713623046875e+00
3.443671226501464844e+00
4.697594642639160156e-01
3.591701030731201172e+00
1.907397270202636719e+00
1.096360206604003906e+00
-3.086564064025878906e+00
-2.523430824279785156e+00
-4.654486656188964844e+00
4.222782135009765625e+00
3.742888450622558594e+00
-4.579592704772949219e+00
3.677639484405517578e+00
-2.829733848571777344e+00
-4.204099655151367188e+00
6.292340278625488281e+00
-7.019872665405273438e-01
2.141982078552246094e+00
3.026132583618164062e+00
6.285009384155273438e-01
2.397614479064941406e+00
-9.159126281738281250e-01
-8.946738243103027344e+00
2.849102020263671875e+00
9.871482849121093750e-03
-3.746576309204101562e-01
3.240346908569335938e-01
2.843558311462402344e+00
2.502728462219238281e+00
-9.952206611633300781e+00
3.589298248291015625e+00
-3.334685325622558594e+00
-5.257302284240722656e+00
2.368322372436523438e+00
-5.510534286499023438e+00
-1.181294441223144531e+00
2.970482826232910156e+00
-8.008079528808593750e-01
-3.364499092102050781e+00
4.975378036499023438e+00
4.441552162170410156e+00
4.650092124938964844e+00
-5.172542572021484375e+00
-3.728638648986816406e+00
8.793249130249023438e-01
2.378493309020996094e+00
2.344295501708984375e+00
-2.070425033569335938e+00
2.763514518737792969e+00
3.811960220336914062e-01
2.387700080871582031e+00
-2.817824363708496094e+00
-1.982593536376953125e-01
2.374830245971679688e-01
-5.735054969787597656e+00
-9.519650459289550781e+00
-7.432010650634765625e+00
-9.801826477050781250e-01
-1.581045150756835938e+00
-3.055191040039062500e+00
4.437872886657714844e+00
-2.426945686340332031e+00
5.476529121398925781e+00
1.352005958557128906e+00
4.374189376831054688e-01
-3.488942146301269531e+00
-8.153985023498535156e+00
1.124859809875488281e+00
-7.026530265808105469e+00
5.273847579956054688e-01
-6.800899505615234375e+00
3.957269668579101562e+00
2.817839622497558594e+00
1.755030632019042969e+00
-2.434282302856445312e+00
-3.260235786437988281e+00
5.724349975585937500e+00
1.352625846862792969e+00
4.611338615417480469e+00
2.739909648895263672e+00
3.452518463134765625e+00
-1.065994262695312500e+00
1.319396495819091797e+00
-4.334523200988769531e+00
5.087323188781738281e-01
4.030921936035156250e+00
4.948148727416992188e-01
-2.624531745910644531e+00
-3.098884582519531250e+00
3.638916969299316406e+00
2.628882884979248047e+00
-3.149401664733886719e+00
2.702644348144531250e+00
-7.464141845703125000e-01
2.102811813354492188e+00
-6.119437217712402344e+00
-3.781767845153808594e+00
2.957599639892578125e+00
7.396964073181152344e+00
2.022620201110839844e+00
-5.437809944152832031e+00
-4.993268966674804688e+00
-4.037770748138427734e+00
3.128848075866699219e+00
-8.717146873474121094e+00
2.514945030212402344e+00
4.367066383361816406e+00
1.620260238647460938e+00
3.351206779479980469e+00
-5.354325294494628906e+00
-4.614670753479003906e+00
1.564717292785644531e+00
1.655628204345703125e+00
-7.971277236938476562e-01
-9.902372360229492188e-01
2.378153800964355469e+00
2.738766670227050781e+00
2.837876319885253906e+00
2.647743225097656250e+00
-7.031195640563964844e+00
3.858711242675781250e+00
-3.188676834106445312e+00
2.258296966552734375e+00
3.132872581481933594e+00
-3.402733802795410156e+00
3.741551399230957031e+00
-5.359520912170410156e+00
-4.159868240356445312e+00
-8.068284988403320312e-01
-4.821469306945800781e+00
-4.307032585144042969e+00
-4.068102836608886719e+00
-3.237570762634277344e+00
-1.899862289428710938e+00
2.366475582122802734e+00
-2.487546920776367188e+00
1.753313064575195312e+00
3.626539230346679688e+00
-4.705544471740722656e+00
4.605617523193359375e-01
4.858822822570800781e+00
-6.090149879455566406e+00
-2.578942298889160156e+00
-3.094428062438964844e+00
3.505878448486328125e-01
-8.536243438720703125e-01
2.293763160705566406e+00
3.843820571899414062e+00
-6.145455360412597656e+00
-2.067623138427734375e-01
3.615403175354003906e+00
4.803676605224609375e-01
4.510240554809570312e-01
-3.104831695556640625e+00
-1.058146953582763672e+00
-1.140359878540039062e+00
-4.482198715209960938e+00
-3.964289188385009766e+00
1.311685562133789062e+00
2.636765480041503906e+00
1.846561908721923828e+00
3.749310493469238281e+00
1.939129829406738281e+00
-1.004056930541992188e-01
3.631656646728515625e+00
4.216948509216308594e+00
5.502128601074218750e-01
-2.378308296203613281e+00
-1.775908470153808594e+00
-2.704146385192871094e+00
-9.025354385375976562e-01
-1.878817558288574219e+00
-2.117453575134277344e+00
6.975650787353515625e-01
2.130460739135742188e+00
1.321586132049560547e+00
-2.871843338012695312e+00
3.056306838989257812e+00
-4.961537361145019531e+00
2.677008628845214844e+00
-3.112841606140136719e+00
4.085556030273437500e+00
-2.067829132080078125e+00
3.130108833312988281e+00
-3.738180160522460938e+00
4.511427879333496094e+00
3.691187858581542969e+00
2.103246688842773438e+00
2.447894096374511719e+00
-2.955360889434814453e+00
2.504890441894531250e+00
4.417187690734863281e+00
-1.171572685241699219e+00
-8.014653682708740234e+00
-3.970091819763183594e+00
-1.135822296142578125e+00
-6.361541748046875000e+00
-4.791409492492675781e+00
-2.227477073669433594e+00
-4.010293006896972656e+00
3.510264396667480469e+00
5.612484931945800781e+00
3.070448875427246094e+00
2.413492202758789062e-01
-1.533744812011718750e+00
3.979325294494628906e+00
-5.769891738891601562e-01
-3.603868484497070312e-01
1.573966026306152344e+00
1.115141868591308594e+00
-1.778599739074707031e+00
-5.136940002441406250e+00
-3.676629066467285156e+00
3.614248275756835938e+00
-9.958934783935546875e-02
-7.941503524780273438e-01
-7.656452178955078125e+00
2.690867424011230469e+00
2.772809028625488281e+00
2.507590293884277344e+00
-8.942375183105468750e-01
3.027647972106933594e+00
3.681494712829589844e+00
6.970434188842773438e-01
-7.702901840209960938e+00
6.818947792053222656e-01
2.531862258911132812e+00
-6.243524551391601562e-01
5.013735771179199219e+00
8.248043060302734375e-02
-2.670679092407226562e-01
2.831936836242675781e+00
2.347663879394531250e+00
3.122352600097656250e+00
-3.827923774719238281e+00
-4.935707092285156250e+00
2.567883491516113281e+00
3.348797798156738281e+00
-5.389711380004882812e+00
4.423497200012207031e+00
-1.709018707275390625e+00
3.191395759582519531e+00
7.403707504272460938e-01
2.121582984924316406e+00
2.685086250305175781e+00
3.967882156372070312e+00
3.813944816589355469e+00
6.604719161987304688e-01
6.445894241333007812e-01
-3.454251289367675781e+00
-6.648575782775878906e+00
-1.001826286315917969e+00
3.077458381652832031e+00
2.159256935119628906e+00
5.395889282226562500e+00
-2.390241622924804688e+00
-4.885268211364746094e+00
2.060216903686523438e+00
3.382781982421875000e+00
4.880163192749023438e+00
4.380558967590332031e+00
-7.840375900268554688e+00
1.369167804718017578e+00
-6.319362640380859375e+00
-2.951392173767089844e+00
-1.818609237670898438e-01
1.643673896789550781e+00
2.586173057556152344e+00
-5.602462768554687500e+00
4.861266136169433594e+00
1.151362419128417969e+00
-3.332600593566894531e+00
-5.363130569458007812e-01
-2.498883247375488281e+00
-1.595496177673339844e+00
-1.442635059356689453e+00
-7.808340072631835938e+00
3.431960105895996094e+00
3.262629508972167969e+00
-1.278048515319824219e+00
-5.036705017089843750e+00
-4.948559761047363281e+00
3.109482765197753906e+00
-3.409001350402832031e+00
2.741333961486816406e+00
-9.007577896118164062e-01
-3.148140907287597656e+00
-6.185024738311767578e+00
3.378333568572998047e+00
2.451148033142089844e+00
2.575964927673339844e+00
-6.261270046234130859e+00
-9.656152725219726562e-01
4.492840766906738281e+00
-1.967251777648925781e+00
-6.677885055541992188e-01
3.192809104919433594e+00
-2.976805686950683594e+00
-2.917452812194824219e+00
7.102441787719726562e-01
-2.946500778198242188e-01
2.552359580993652344e+00
-1.269131660461425781e+00
-7.578106880187988281e+00
8.009023666381835938e-01
-2.811457633972167969e+00
-3.788079261779785156e+00
-7.589085578918457031e+00
5.127076148986816406e+00
2.322683334350585938e-01
1.940646171569824219e+00
-3.127108573913574219e+00
-6.196669578552246094e+00
1.616013050079345703e+00
-5.457317352294921875e+00
2.227661132812500000e+00
1.532668113708496094e+00
1.716940879821777344e+00
5.895483970642089844e+00
-3.242869377136230469e+00
-3.523864269256591797e+00
-5.664156913757324219e+00
2.207909584045410156e+00
2.402343750000000000e+00
3.982062339782714844e+00
1.757555007934570312e+00
-1.618923187255859375e+00
-4.897663593292236328e+00
4.010758399963378906e+00
5.531129837036132812e-01
1.258630752563476562e-01
3.066855430603027344e+00
4.398534774780273438e+00
-1.945767402648925781e+00
-1.523591041564941406e+00
-4.473009109497070312e-01
3.105748176574707031e+00
4.476758003234863281e+00
1.479332923889160156e+00
-1.754431724548339844e+00
2.943827629089355469e+00
-1.321773242950439453e+01
5.012707710266113281e+00
-1.274423599243164062e-01
2.563422203063964844e+00
-7.047662734985351562e-01
-4.157852649688720703e+00
1.938943862915039062e+00
2.606051445007324219e+00
4.158836364746093750e+00
1.983200073242187500e+00
3.671189308166503906e+00
-5.464308738708496094e+00
1.129745483398437500e+00
-4.797254562377929688e+00
-4.165439605712890625e+00
-1.130549430847167969e+00
4.989277839660644531e+00
4.567511558532714844e+00
4.117332458496093750e+00
3.601865768432617188e-01
3.685841560363769531e+00
3.766325950622558594e+00
1.826546669006347656e+00
4.353391647338867188e+00
