1.582067671867182490e+01
1.274625156442557739e+01
1.246889083831979406e+01
1.240535062278507894e+01
1.234026801001212270e+01
1.230280779989933926e+01
1.227264264242152692e+01
1.223116056562172105e+01
1.220292381951209748e+01
1.217509771860736656e+01
1.217683426846528150e+01
1.214680249569621040e+01
1.211555191085466987e+01
1.210634592888910532e+01
1.209403672386329553e+01
1.205044248437368104e+01
1.204509551915943533e+01
1.204362649291942589e+01
1.201662538537425462e+01
1.200030117532235252e+01
1.198323580088092477e+01
1.195693722661973624e+01
1.195438516779107907e+01
1.190583280944636080e+01
1.195111195874849308e+01
1.191338491745916350e+01
1.188904019699830528e+01
1.187345579289592656e+01
1.185210647586391097e+01
1.187457784632998070e+01
1.183165746733043200e+01
1.183825150422245187e+01
1.181044017218379594e+01
1.179186209483382974e+01
1.179967287956222144e+01
1.179096539989734005e+01
1.176307180829235577e+01
1.174542528815233844e+01
1.173835572569522334e+01
1.171421558858508938e+01
1.170937794375784158e+01
1.168727846725416697e+01
1.166700160813429221e+01
1.165339522702054431e+01
1.166363802454810283e+01
1.164175026386595491e+01
1.164074759766959666e+01
1.163861107996569366e+01
1.162723644279352264e+01
1.161894265446124308e+01
1.159693174685946815e+01
1.156765862372611231e+01
1.156992313379906356e+01
1.152190193738414337e+01
1.154119999931098128e+01
1.152157632411991095e+01
1.152876087190829857e+01
1.151039880953540440e+01
1.149694950870588528e+01
1.147961539655356766e+01
1.146127651317565821e+01
1.146443369274040691e+01
1.143318037210429416e+01
1.141362206293859671e+01
1.142495707162888330e+01
1.141664372809620076e+01
1.138019520742896695e+01
1.136761021599167343e+01
1.136982157212550781e+01
1.132297176801699656e+01
1.133821690166857188e+01
1.132735784971171888e+01
1.131008650710077035e+01
1.127687039069687813e+01
1.125435372304499992e+01
1.128242381194606736e+01
1.124486827388464683e+01
1.125756346109538519e+01
1.123297365482335586e+01
1.123956383252470559e+01
1.120081107295635370e+01
1.117343038411522471e+01
1.115981342784681551e+01
1.116528583160435240e+01
1.115054513842940409e+01
1.110477056149979447e+01
1.111259049490078432e+01
1.113173346964271282e+01
1.108082200772619963e+01
1.106687606458299555e+01
1.105910461585633087e+01
1.106509757889171475e+01
1.104518623551136969e+01
1.097945156800579625e+01
1.102138225060584453e+01
1.098208475919997085e+01
1.095256608483690464e+01
1.095967963693930614e+01
1.094883876220911034e+01
1.094147886053994334e+01
