2.498436962393391525e+00
2.807542065015328880e+00
5.030192641357945860e+00
4.056491410230744776e+00
3.150055022158031903e+00
3.033872432829130439e+00
5.401348232263886828e+00
5.715910019088313199e+00
5.752527509412630025e+00
3.254305976053815552e+00
3.344230534154582379e+00
4.469894886346890139e+00
2.112256685397818856e+00
7.133771855893394687e+00
5.119666125277555935e+00
2.583258147106870073e+00
3.343096386477779181e+00
4.601565066903951617e+00
3.146633881211829742e+00
3.055761293332678097e+00
3.676866102894607025e+00
3.729767875314882630e+00
4.903286396556575610e+00
3.639323842718265922e+00
6.181195567226965615e+00
3.087074705196906965e+00
4.555139833571770325e+00
3.515127884803407543e+00
5.518126940648071965e+00
5.584098444410086515e+00
6.390285910104200440e+00
3.288526971674757160e+00
3.343645401969533637e+00
2.102720517623398067e+00
4.808230325568327856e+00
4.529889416276091652e+00
5.634132053239893523e+00
4.508838665878196039e+00
3.196903303599818891e+00
4.903142906763063635e+00
5.369720317280610722e+00
5.266417039357453866e+00
4.460289900932229656e+00
2.638440679765246877e+00
2.820294291419442434e+00
4.328319506486333346e+00
5.575241211739241365e+00
4.187827545323838940e+00
6.714940303344539174e+00
3.983770135211906371e+00
2.716791772335554356e+00
3.221329508662522656e+00
3.499431857146805491e+00
7.338869207339525857e+00
4.618325027798378279e+00
3.109193499053715115e+00
3.491905697084847660e+00
4.001909857273142634e+00
3.379087720109836379e+00
2.496512863408709926e+00
4.117770103075925725e+00
6.486701363261072828e+00
4.602937259881809240e+00
3.221662436239104643e+00
3.241344437918847188e+00
3.370452859759048625e+00
2.664341109581997991e+00
3.350269054744200226e+00
3.217541979821034737e+00
2.710691918247678966e+00
4.884527596876464983e+00
3.267987652683815192e+00
5.161564871046030234e+00
4.968662889009821448e+00
3.472122362816063124e+00
6.684790224348617471e+00
2.795795419919188340e+00
4.979144440929314186e+00
3.354505038244783854e+00
4.200125855701073441e+00
3.772896918113987752e+00
4.938674172152984099e+00
2.121307619540925948e+00
3.984454836513218190e+00
4.112672901070128617e+00
2.879791962839594266e+00
3.744215552740121744e+00
6.027307950216361121e+00
4.870269499870527596e+00
3.444755072548364438e+00
3.787100172768224304e+00
2.994814379402609639e+00
4.940677933695763357e+00
4.514874775625845160e+00
2.980465691487450997e+00
5.146918303158905417e+00
6.270228915620643662e+00
3.366554669195090277e+00
3.335602019591422884e+00
6.400181363536342261e+00
3.104816024497939697e+00
5.234241478804065650e+00
4.435786626223351625e+00
5.065512239938001926e+00
2.049276955242530285e+00
7.376214407654510197e+00
2.567711258413917896e+00
4.139811551486106467e+00
3.397073881911556015e+00
3.903258384896165722e+00
2.723783038241046395e+00
4.239471282448573852e+00
5.152697542944814302e+00
4.928071881630324391e+00
3.572773363939508506e+00
3.686656951249985159e+00
3.393106558804340089e+00
3.169745492009501397e+00
3.470829251691849748e+00
2.012197360396553059e+00
5.581792753311417776e+00
5.607625778129962768e+00
3.115918482341750728e+00
6.426384143413567784e+00
6.080323621032489356e+00
3.147930157742982349e+00
5.044090326211648545e+00
4.848591042713017885e+00
2.816995057416285864e+00
5.569583488654835435e+00
3.715940993194186248e+00
5.657584231166842059e+00
3.873792839747289385e+00
4.580891983151238023e+00
4.590410944354171185e+00
3.868910873217338953e+00
2.906726911487132359e+00
5.882711531576749309e+00
4.501553539457836095e+00
5.550031784602644791e+00
2.665527798172527163e+00
4.358761387089783668e+00
4.062082828902797260e+00
2.770829363171761983e+00
5.000563655710156041e+00
5.459241987438741006e+00
2.842699235402137425e+00
5.390179904215472106e+00
3.900110387358429076e+00
3.265054873753587383e+00
5.414363540608979619e+00
4.374298136869525067e+00
3.561061677713428075e+00
4.351071601823181645e+00
5.528252913485879105e+00
3.260000875084986927e+00
2.345350972989536764e+00
5.614427958578903421e+00
4.010949651986701170e+00
2.772454668304491499e+00
3.966564963076407491e+00
5.352195179738897579e+00
3.540348609474040842e+00
5.205527062995697563e+00
5.624603818234501063e+00
3.331636838509075105e+00
5.373325748497773446e+00
5.668319861937074933e+00
3.527596783643438094e+00
3.172446736132912726e+00
4.474735087540293144e+00
5.055027901854973749e+00
4.849760502965914100e+00
3.211557987173180084e+00
4.670991565682257374e+00
6.094017756206356218e+00
3.824022415428758315e+00
3.544795460117081909e+00
6.022438416343565137e+00
2.686718300602083165e+00
3.115178764190682070e+00
5.389380299176503186e+00
3.549882782101374090e+00
3.968822412841062519e+00
3.528763952940887183e+00
4.789934988826098916e+00
5.296633568102497414e+00
6.081613840946726413e+00
3.331563420197876990e+00
4.434496037931578982e+00
3.451442646126233527e+00
3.977664693870361035e+00
3.790942968029676230e+00
5.327671223906490283e+00
4.304162579059723548e+00
2.263793639977501826e+00
4.505330422696252946e+00
6.449010362215951808e+00
3.532834046444645715e+00
2.777239694102860756e+00
4.565377833756439685e+00
2.974618982245618604e+00
3.926501505666884384e+00
3.435685514069835911e+00
4.610378795067116009e+00
3.465790566162810560e+00
4.053603460538309555e+00
7.134762024472284025e+00
3.044399009064032047e+00
3.586585850987775714e+00
3.254061894786720366e+00
3.059964201620910984e+00
4.068722602183948212e+00
2.680350835877800542e+00
3.521890592752987104e+00
6.597385842166676007e+00
5.121872381986983136e+00
3.186698142431891867e+00
4.361589211886213846e+00
3.251982817537725001e+00
3.276132657955700189e+00
4.313057931691928637e+00
3.776886609052874988e+00
3.029918758720663519e+00
2.978060673755985377e+00
3.883746282397169569e+00
4.164694864953059295e+00
6.218643260880604373e+00
3.936514496747775205e+00
3.130504525126246662e+00
2.747606438281244845e+00
5.029370732054920801e+00
2.144955530105492780e+00
4.326869810300085994e+00
5.417124067480559191e+00
2.992678688471736237e+00
4.457522230363298199e+00
3.024149113180072845e+00
4.124857251988874651e+00
3.070222814889262075e+00
3.423801200031366676e+00
3.423258891943549820e+00
4.632360702136283592e+00
4.329167538154830019e+00
5.726048681206727053e+00
3.521599109756206936e+00
3.329539932534812063e+00
4.488612402467127893e+00
4.942165478910883536e+00
4.530548513202000471e+00
4.518619448565920571e+00
4.628783391512583556e+00
3.235726534374769425e+00
4.034308384918181112e+00
4.479403894369419881e+00
4.689407255723901713e+00
3.583048865500179758e+00
2.791932477630685749e+00
4.030070464317597079e+00
5.307709259588263784e+00
4.708708174688304382e+00
4.145659205283628523e+00
1.779667577402754386e+00
3.666846536972370174e+00
6.034182481259316333e+00
5.236975597474981647e+00
3.583544980045778150e+00
3.169287245174515544e+00
4.015546071645241355e+00
4.120700892398661885e+00
4.167384807154928872e+00
4.090926013320211219e+00
3.430539597213713598e+00
2.485224401347361223e+00
3.065043119502442348e+00
5.325207967039743195e+00
4.393831986859775718e+00
4.766401544530229906e+00
2.444334867852844262e+00
2.863414456147605147e+00
3.154396209602373879e+00
2.250873044329468442e+00
1.875822035504410401e+00
3.884664911527767828e+00
3.401706630085888694e+00
2.243866673787254129e+00
4.804921862490195039e+00
3.086142345555956457e+00
5.028773323883719115e+00
2.970587465589610954e+00
6.080607109954407008e+00
6.600409431342952438e+00
3.350518488204000445e+00
3.165180602740047977e+00
6.730729101168694939e+00
3.918214571743559915e+00
3.385416208429433027e+00
5.385569221698003339e+00
3.285378033386097130e+00
4.067142697662881723e+00
6.629434093805055994e+00
3.238717736830564853e+00
5.690974448384972462e+00
4.129774001223664115e+00
3.794960061526341022e+00
3.761414518574901500e+00
2.632085245720591882e+00
3.434276302050015328e+00
3.632129580600706120e+00
3.906830891877374423e+00
5.373751504526633305e+00
5.252050021708432936e+00
3.660081917744465230e+00
6.529187980295591665e+00
3.834068862417504331e+00
2.948120331760451851e+00
3.477663146725344490e+00
3.326930944253469136e+00
2.933920023262488908e+00
3.418815758578195307e+00
5.362831856212215698e+00
3.954434880390882867e+00
4.654160338361874594e+00
5.427620947706801147e+00
3.791021651868835107e+00
4.716978574251924350e+00
3.276186421823718220e+00
3.579146658965610683e+00
5.638269740542638075e+00
4.627440046012157637e+00
5.176919054778463369e+00
2.866358343170434697e+00
3.899611142357505056e+00
3.245377002419144397e+00
3.321781663819885821e+00
4.154528387800136002e+00
4.217005484480467636e+00
3.317844445531184849e+00
4.520878231106225442e+00
2.841238518191881113e+00
3.358226229549186037e+00
3.456479267005188039e+00
3.540646765302335019e+00
2.020381115265495353e+00
3.471400407070797556e+00
4.134270446104175711e+00
2.895736819773357063e+00
6.589390718241078027e+00
2.639031273430666680e+00
2.837377827967264565e+00
5.192372533268751589e+00
4.854985964010310795e+00
3.109732056250125609e+00
4.146306887707368105e+00
2.825132657349380239e+00
3.197151372355136800e+00
2.660383450634273839e+00
4.903655363036680370e+00
2.869179412669601525e+00
3.386778265324476234e+00
3.304491531802891569e+00
3.218272839489686010e+00
3.070727718773611059e+00
5.384294543749660100e+00
5.792273022833104967e+00
6.274464526510694640e+00
3.519374626713795084e+00
3.732168154362881740e+00
2.918565213041992124e+00
3.635336815109892594e+00
4.093698495831283424e+00
4.554586853773443522e+00
4.837127457613490833e+00
5.705780390006593095e+00
2.963523111469375859e+00
5.281937506154629425e+00
3.107793831828966624e+00
4.060093870061384891e+00
2.595521643138066992e+00
5.053677415103956072e+00
3.480124556329336816e+00
6.857316997219674803e+00
3.244615892237352028e+00
6.211779752311949565e+00
4.036872974945212356e+00
3.361832417976768461e+00
3.697338371569676596e+00
3.526063666661382712e+00
2.343635593249103977e+00
3.672255407191001630e+00
5.682139032894244934e+00
4.996942539287124063e+00
2.824691386388058945e+00
7.052674200389182246e+00
6.329901097670967758e+00
6.811304736301273977e+00
2.872081436590690373e+00
3.716873321616872783e+00
4.270621274020444780e+00
5.105672079704560495e+00
6.999337664681638316e+00
3.427172503294670491e+00
3.999105224619136756e+00
5.250671517053657311e+00
3.505375159640600202e+00
5.383211597086354772e+00
4.078009966587450741e+00
4.673153193812849437e+00
3.777601191309727824e+00
4.485410538101325173e+00
3.085513397129026725e+00
4.530820723550013085e+00
4.686700513014869784e+00
3.575378804875105843e+00
3.753119922013846921e+00
4.839221767450137435e+00
3.326003572799281827e+00
4.526808042131265530e+00
3.483682417714975443e+00
3.013392228869788525e+00
5.042861533896664028e+00
1.678344148152117965e+00
5.197868810111875959e+00
4.425837464135588206e+00
2.967748919800708318e+00
3.256034960776294174e+00
4.593399380483237593e+00
3.632630276183091311e+00
5.194092168044640800e+00
6.253838346804963422e+00
3.883888846222189883e+00
3.277139907050910850e+00
5.653368858402926023e+00
6.578813310849991325e+00
6.412601614421797436e+00
4.199798610943140886e+00
4.295439662551456372e+00
4.810789337040575653e+00
5.117590315534333634e+00
3.962584092999296814e+00
4.604280895717790756e+00
2.882536149888256460e+00
3.459625028431116966e+00
4.707573566078966820e+00
4.034368795200694358e+00
3.125441688457143652e+00
5.231903805180344591e+00
3.365476757879007685e+00
5.856627304803017964e+00
5.821697819063790469e+00
4.953253361106592756e+00
6.580154808781873754e+00
3.075986806228550918e+00
4.110381209627041343e+00
3.583728868039311344e+00
5.322619033205212347e+00
3.255972698235473750e+00
2.157846581172888190e+00
3.274792214785796407e+00
2.076197046683055270e+00
3.307208868109586142e+00
2.662952700239875625e+00
5.204355695199311072e+00
5.133518253238258389e+00
3.206560476123166303e+00
3.316483894674224331e+00
4.503402848035158890e+00
4.342224967154738380e+00
2.774875873425529438e+00
4.066058828261938984e+00
3.561861351432818790e+00
4.449458303893307765e+00
4.148826151888154179e+00
4.252546261858927146e+00
3.046637346417567116e+00
5.185879619121030792e+00
5.352064840470858620e+00
2.806121781284593997e+00
5.814884661631230856e+00
3.328181530492821949e+00
3.450872261860532308e+00
3.757269696309635698e+00
4.708807475657000197e+00
3.701516156429876414e+00
3.227295093667676973e+00
5.808030662915292908e+00
3.333875373268706088e+00
2.611124877528907984e+00
4.564130282190508758e+00
3.987405581319203307e+00
3.387956367800974977e+00
5.326064021775472668e+00
3.933127533608736570e+00
6.749789269300784156e+00
3.011948653497058537e+00
3.139963502682280971e+00
4.297180373021445732e+00
5.847075948871133022e+00
2.690672010097114875e+00
4.842929553272329990e+00
3.358634424262329610e+00
5.704617742741039166e+00
3.074790902790507374e+00
5.363873103048669932e+00
6.303056675231889727e+00
4.000188973857852659e+00
4.298520653316547424e+00
5.490798044368792041e+00
4.118203962923683292e+00
5.009781902288500177e+00
4.209918611522049048e+00
3.585762660748331054e+00
3.282362085825746512e+00
5.886298754852456128e+00
2.975575286836762867e+00
3.513575567058520033e+00
3.473377296113586254e+00
5.290295623674252212e+00
6.071374739397901621e+00
3.873099211027671629e+00
4.952053359280869316e+00
3.254829205194739394e+00
6.348002662647330929e+00
3.287572691440444395e+00
4.047462715120082599e+00
4.970150687461223349e+00
3.696949164414124578e+00
3.411542313832018447e+00
2.570897405103211408e+00
4.023053378295489146e+00
3.423857860170453016e+00
3.306452473474030818e+00
5.831956846875541167e+00
2.853273499630586851e+00
4.681223157628185305e+00
3.696785580441392938e+00
4.473256565512440552e+00
4.414814966073189240e+00
6.623995230777355303e+00
3.245099684040631871e+00
5.342869608357672995e+00
5.414694385494850160e+00
3.408671112379756618e+00
2.880781760982354722e+00
3.703340679580124029e+00
3.405763730283265733e+00
4.683972694337022347e+00
4.196887069974367002e+00
4.832578341747536754e+00
3.806827333014133341e+00
5.653792026518893010e+00
4.513224191016424136e+00
3.234901097217966370e+00
4.064758471131914241e+00
3.058258766566418263e+00
5.675560547004755207e+00
3.233294959055827977e+00
4.886819760273399815e+00
3.405847253410138720e+00
4.093797786223038138e+00
3.414070975101221705e+00
5.626149895560814684e+00
3.383394809211838883e+00
3.144693096694125778e+00
