-2.501563037606608475e+00
-9.192457934984670231e+00
2.030192641357947636e+00
2.056491410230742112e+00
-6.849944977841966320e+00
2.033872432829131771e+00
-1.598651767736114948e+00
-1.028408998091168769e+01
1.752527509412630913e+00
2.254305976053817329e+00
1.344230534154579271e+00
1.469894886346888363e+00
1.112256685397818856e+00
-6.866228144106606202e+00
1.196661252775559348e-01
1.583258147106870517e+00
2.343096386477780957e+00
1.601565066903954282e+00
2.146633881211831074e+00
2.055761293332679429e+00
-3.231338971053916431e-01
-2.270232124685120478e+00
-5.096713603443426166e+00
1.639323842718266366e+00
2.181195567226966503e+00
-1.912925294803092591e+00
-3.444860166428231452e+00
2.515127884803409319e+00
3.518126940648070189e+00
-2.415901555589913485e+00
3.390285910104203104e+00
2.288526971674758492e+00
2.343645401969535413e+00
1.102720517623398067e+00
2.808230325568326080e+00
-6.470110583723907460e+00
2.634132053239894411e+00
1.508838665878197816e+00
-3.803096696400179333e+00
-9.685709323693725281e-02
3.697203172806089455e-01
-7.335829606425452454e-01
-3.539710099067770344e+00
1.638440679765246877e+00
-1.179705708580557566e+00
-6.716804935136693189e-01
2.575241211739242253e+00
1.187827545323840717e+00
7.149403033445365097e-01
9.837701352119072595e-01
1.716791772335554800e+00
-3.778670491337476012e+00
-5.005681428531945087e-01
3.338869207339526746e+00
1.618325027798380056e+00
2.109193499053716891e+00
2.491905697084849880e+00
2.001909857273142634e+00
-5.620912279890161400e+00
-1.503487136591288298e+00
-8.822298969240724986e-01
2.486701363261074604e+00
6.029372598818110163e-01
2.221662436239105975e+00
-7.586555620811519240e-01
1.370452859759047737e+00
-4.335658890418001121e+00
2.350269054744202446e+00
-2.782458020178964375e+00
1.710691918247679855e+00
1.884527596876464983e+00
-3.732012347316183476e+00
-8.384351289539715424e-01
-3.133711099017943980e-02
2.472122362816064456e+00
3.684790224348617471e+00
1.795795419919190561e+00
1.979144440929312410e+00
1.354505038244785631e+00
2.200125855701074329e+00
1.772896918113989528e+00
-4.061325827847015901e+00
1.213076195409259483e-01
9.844548365132168577e-01
1.126729010701286171e-01
-2.120208037160404846e+00
-7.255784447259878256e+00
2.027307950216362009e+00
2.870269499870524932e+00
2.444755072548365771e+00
-2.128998272317770279e-01
1.994814379402610527e+00
2.940677933695763357e+00
-4.851252243741530634e-01
1.980465691487447888e+00
3.146918303158903640e+00
3.270228915620643662e+00
-6.334453308049088349e-01
2.335602019591424661e+00
-5.998186364636595158e-01
-4.895183975502058971e+00
1.234241478804067427e+00
1.435786626223353402e+00
1.065512239937999261e+00
1.049276955242531173e+00
-5.623785592345488915e+00
1.567711258413917896e+00
-4.860188448513895310e+00
2.397073881911557791e+00
-4.096741615103832501e+00
1.723783038241047283e+00
2.394712824485756286e-01
2.152697542944811637e+00
1.928071881630323503e+00
-2.427226636060495935e+00
2.686656951249986491e+00
-2.606893441195658134e+00
2.169745492009498733e+00
1.470829251691850637e+00
1.012197360396553947e+00
3.581792753311417776e+00
2.607625778129962768e+00
-6.884081517658247940e+00
1.426384143413570449e+00
2.080323621032487580e+00
2.147930157742983681e+00
1.044090326211650321e+00
8.485910427130178846e-01
1.816995057416288084e+00
-4.304165113451663416e-01
7.159409931941875804e-01
2.657584231166842059e+00
1.873792839747289829e+00
-5.419108016848761089e+00
5.904109443541711855e-01
8.689108732173393967e-01
1.906726911487133691e+00
1.882711531576749309e+00
5.015535394578343187e-01
2.550031784602644791e+00
1.665527798172528051e+00
2.358761387089783668e+00
6.208282890279814836e-02
-2.229170636828236685e+00
5.636557101560413230e-04
-5.407580125612589939e-01
1.842699235402138314e+00
1.390179904215470330e+00
1.900110387358426411e+00
2.265054873753589160e+00
-5.856364593910230454e-01
1.374298136869526843e+00
2.561061677713430296e+00
1.351071601823182533e+00
2.528252913485876441e+00
2.260000875084988259e+00
3.453509729895372082e-01
-3.855720414210965785e-01
1.010949651986702058e+00
-1.227545331695507613e+00
1.966564963076407935e+00
-1.647804820261100645e+00
-4.459651390525960046e+00
2.055270629956975625e-01
-3.375396181765500714e+00
2.331636838509076881e+00
1.373325748497774335e+00
-2.331680138062923291e+00
2.527596783643440315e+00
-1.827553263867085942e+00
3.474735087540294032e+00
3.055027901854971972e+00
2.849760502965912323e+00
-7.884420128268221362e-01
-2.329008434317741738e+00
3.094017756206354441e+00
-8.175977584571240797e+00
1.544795460117078800e+00
-3.977561583656435751e+00
1.686718300602084497e+00
-1.884821235809317486e+00
-6.106197008234985901e-01
-3.450117217898624133e+00
9.688224128410629632e-01
-4.712360470591110406e-01
1.789934988826098916e+00
2.966335681024983018e-01
-9.183861590532753638e-01
2.331563420197874326e+00
4.344960379315798704e-01
2.451442646126235747e+00
9.776646938703623668e-01
-2.090570319703219937e-01
3.276712239064902832e-01
3.041625790597253243e-01
1.263793639977503602e+00
-4.946695773037461663e-01
4.490103622159509200e-01
1.532834046444647047e+00
1.777239694102860756e+00
2.565377833756439685e+00
1.974618982245620824e+00
2.926501505666885272e+00
2.435685514069837687e+00
6.103787950671151208e-01
2.465790566162812336e+00
-3.946396539461693109e+00
1.347620244722866900e-01
2.044399009064032491e+00
2.586585850987777935e+00
-1.745938105213277858e+00
1.059964201620911428e+00
1.068722602183946435e+00
1.680350835877802318e+00
5.218905927529853273e-01
3.597385842166677783e+00
-8.781276180130150877e-01
-8.133018575681072448e-01
-2.638410788113784378e+00
2.519828175377263335e-01
-2.723867342044298034e+00
-4.686942068308074916e+00
2.776886609052876320e+00
2.029918758720664407e+00
-4.021939326244013735e+00
1.883746282397168237e+00
2.164694864953061071e+00
2.218643260880604373e+00
-2.063485503252227460e+00
2.130504525126247550e+00
-2.523935617187547109e-01
1.029370732054921689e+00
1.144955530105493224e+00
1.326869810300087771e+00
4.171240674805600790e-01
1.992678688471736681e+00
2.457522230363296423e+00
-1.975850886819929819e+00
3.124857251988870210e+00
2.070222814889258522e+00
2.423801200031368897e+00
-6.576741108056447516e+00
-3.676392978637146314e-01
-1.670832461845169092e+00
2.726048681206727942e+00
1.521599109756208268e+00
1.329539932534813396e+00
-5.113875975328729950e-01
3.942165478910885312e+00
5.305485132020013594e-01
-1.481380551434081205e+00
6.287833915125844442e-01
-5.764273465625229242e+00
-3.965691615081817112e+00
-5.205961056305792312e-01
-4.310592744276098287e+00
-2.416951134499820242e+00
-2.208067522369312918e+00
-2.969929535682402033e+00
1.307709259588264672e+00
-3.291291825311695618e+00
1.456592052836302997e-01
-1.220332422597245392e+00
-2.333153463027628050e+00
-9.658175187406818907e-01
-2.763024402525019241e+00
-1.416455019954220074e+00
-6.830712754825483124e+00
-2.984453928354757757e+00
-8.879299107601337226e+00
1.167384807154929760e+00
2.090926013320212995e+00
-2.569460402786284181e+00
-5.147755986526387773e-01
2.065043119502443236e+00
1.325207967039742307e+00
3.938319868597748297e-01
1.766401544530229906e+00
1.444334867852844262e+00
1.863414456147606479e+00
2.154396209602372547e+00
1.250873044329468886e+00
-6.124177964495591375e+00
-1.153350884722299519e-01
4.017066300858891381e-01
1.243866673787255017e+00
-6.195078137509804961e+00
-4.913857654444043099e+00
3.028773323883719115e+00
9.705874655896127301e-01
-2.919392890045591216e+00
6.004094313429515495e-01
2.350518488204002221e+00
1.165180602740045313e+00
-2.692708988313032847e-01
9.182145717435616916e-01
2.385416208429434803e+00
2.385569221698001563e+00
2.285378033386098906e+00
-3.932857302337117389e+00
-1.370565906194942229e+00
1.238717736830566629e+00
6.909744483849742380e-01
-6.870225998776339438e+00
1.794960061526341910e+00
7.614145185749023881e-01
1.632085245720592326e+00
2.434276302050017105e+00
-7.367870419399292103e+00
9.068308918773748672e-01
-6.262484954733666953e-01
2.252050021708430272e+00
1.660081917744466118e+00
-4.708120197044065591e-01
8.340688624175065513e-01
1.948120331760451851e+00
-1.522336853274653290e+00
-2.673069055746529532e+00
1.933920023262490240e+00
2.418815758578197084e+00
-6.371681437877860787e-01
2.954434880390883755e+00
-3.458396616381236299e-01
-4.572379052293198853e+00
1.791021651868833331e+00
-2.830214257480747619e-01
-9.723813578176280004e+00
2.579146658965612460e+00
1.638269740542636299e+00
-5.372559953987840586e+00
-5.823080945221534854e+00
1.866358343170436029e+00
-3.100388857642493612e+00
-1.754622997580853383e+00
2.321781663819888042e+00
2.154528387800136890e+00
2.170054844804694127e-01
-4.682155554468813818e+00
2.520878231106225442e+00
1.841238518191882445e+00
-6.641773770450813075e+00
-5.435207329948106292e-01
2.540646765302332355e+00
1.020381115265495353e+00
-3.528599592929201556e+00
-8.657295538958234005e-01
8.957368197733579507e-01
-3.410609281758921085e+00
1.639031273430667568e+00
1.837377827967262789e+00
2.192372533268750701e+00
-2.145014035989689205e+00
2.109732056250126941e+00
-2.853693112292630119e+00
-1.174867342650618873e+00
-9.802848627644861423e+00
1.660383450634275615e+00
-2.096344636963319630e+00
1.869179412669601970e+00
2.386778265324478010e+00
2.304491531802892013e+00
2.218272839489687343e+00
-9.292722812263898291e-01
1.384294543749661877e+00
2.792273022833104967e+00
-7.255354734893044721e-01
-2.480625373286204471e+00
-2.267831845637116928e+00
-2.081434786958006100e+00
6.353368151098894856e-01
9.369849583128431192e-02
-2.445413146226556478e+00
-1.162872542386509167e+00
1.705780390006591318e+00
1.963523111469377636e+00
-2.718062493845371463e+00
2.107793831828967956e+00
-7.939906129938613333e+00
5.955216431380669917e-01
1.053677415103956072e+00
1.480124556329338148e+00
3.857316997219674803e+00
2.244615892237353805e+00
2.117797523119486769e-01
3.036872974945213244e+00
2.361832417976770238e+00
-3.026616284303216275e-01
-1.473936333338617732e+00
1.343635593249104421e+00
2.672255407191000742e+00
1.682139032894245823e+00
-5.003057460712877713e+00
-9.175308613611939279e+00
3.052674200389184023e+00
-1.670098902329034907e+00
-1.188695263698727800e+00
-1.212791856340930785e+01
-1.283126678383125441e+00
-1.729378725979553444e+00
1.056720797045578308e-01
2.999337664681637428e+00
-5.728274967053290645e-01
1.999105224619135868e+00
-6.749328482946340912e+00
2.505375159640602423e+00
-2.616788402913648781e+00
7.800996658745074086e-02
6.731531938128503256e-01
7.776011913097282680e-01
-3.514589461898674827e+00
-7.914486602870971943e+00
-9.469179276449985139e+00
6.867005130148680081e-01
-4.424621195124895934e+00
-4.246880077986151747e+00
2.839221767450137435e+00
1.326003572799283603e+00
2.526808042131264642e+00
2.483682417714977220e+00
2.013392228869789413e+00
3.042861533896664028e+00
6.783441481521157446e-01
1.978688101118759590e-01
-5.574162535864411794e+00
1.967748919800710095e+00
-2.743965039223703606e+00
1.593399380483238481e+00
2.632630276183093088e+00
1.194092168044641689e+00
1.253838346804964310e+00
-1.116111153777811005e+00
2.277139907050912626e+00
3.653368858402923358e+00
-2.421186689150010451e+00
-1.587398385578203452e+00
3.199798610943141774e+00
2.295439662551457261e+00
1.810789337040576541e+00
1.117590315534333634e+00
1.962584092999297258e+00
-3.957191042822074678e-01
-2.117463850111742207e+00
1.459625028431118299e+00
-2.924264339210314034e-01
3.034368795200695246e+00
2.125441688457144984e+00
-2.768096194819655409e+00
-6.345232421209949791e-01
2.856627304803014411e+00
8.216978190637913571e-01
-1.046746638893409020e+00
2.580154808781874642e+00
-1.924013193771447749e+00
3.110381209627040455e+00
1.583728868039312676e+00
3.226190332052123466e-01
2.255972698235472862e+00
1.157846581172888634e+00
-7.252077852142018166e-01
1.076197046683055270e+00
2.307208868109587474e+00
6.629527002398774016e-01
-7.795644304800688928e+00
-1.866481746761742500e+00
1.206560476123165415e+00
1.316483894674221222e+00
5.034028480351580015e-01
-1.657775032845260732e+00
1.774875873425529882e+00
6.605882826193987256e-02
-4.438138648567180766e+00
-2.550541696106691347e+00
2.148826151888155955e+00
2.525462618589235930e-01
-9.533626535824311077e-01
-2.814120380878970096e+00
2.352064840470858620e+00
8.061217812845908881e-01
-2.185115338368770921e+00
-6.671818469507179827e+00
-8.549127738139464583e+00
1.757269696309637919e+00
-4.291192524343000692e+00
7.015161564298786345e-01
1.227295093667677861e+00
1.808030662915293796e+00
-2.666124626731292135e+00
1.611124877528908872e+00
1.564130282190509647e+00
-1.259441868079669291e-02
-1.612043632199022802e+00
-1.673935978224530885e+00
2.933127533608737458e+00
2.749789269300783268e+00
2.011948653497060313e+00
1.139963502682282304e+00
1.297180373021442179e+00
-3.152924051128867866e+00
6.906720100971135423e-01
-1.570704467276708982e-01
-6.413655757376717226e-01
-2.953822572589617224e-01
-9.925209097209490849e+00
-6.361268969513336202e-01
-1.696943324768108496e+00
-9.998110261421491174e-01
1.298520653316547424e+00
2.490798044368790265e+00
-1.881796037076315820e+00
9.781902288501065357e-03
2.209918611522047271e+00
1.585762660748331943e+00
1.282362085825747844e+00
1.886298754852455239e+00
9.755752868367602026e-01
5.135755670585222532e-01
-1.526622703886411525e+00
2.290295623674248660e+00
-9.286252606021001554e-01
1.873099211027668964e+00
1.952053359280866651e+00
-1.745170794805259273e+00
-6.519973373526681826e-01
2.287572691440446171e+00
-1.952537284879915624e+00
2.970150687461220684e+00
-4.303050835585873202e+00
2.411542313832019779e+00
1.570897405103212296e+00
2.305337829549181095e-02
2.423857860170455236e+00
1.306452473474032594e+00
-1.680431531244606091e-01
-1.146726500369414481e+00
2.681223157628183529e+00
6.967855804413938259e-01
2.473256565512438776e+00
2.414814966073189240e+00
6.239952307773561913e-01
2.245099684040633203e+00
2.342869608357672995e+00
2.414694385494851048e+00
2.408671112379758839e+00
-1.119218239017643945e+00
-1.296659320419873751e+00
-2.594236269716732046e+00
-3.160273056629758770e-01
2.196887069974365225e+00
8.325783417475385306e-01
1.806827333014133785e+00
6.537920265188921221e-01
5.132241910164250243e-01
2.234901097217967703e+00
6.475847113191157689e-02
-8.941741233433580405e+00
-3.324439452995243016e+00
2.233294959055829754e+00
-1.131802397265992965e-01
4.058472534101391638e-01
-3.906202213776960974e+00
-1.585929024898780959e+00
1.626149895560815573e+00
2.383394809211841103e+00
2.144693096694124890e+00
